[DEFUALT]
learning_rate = 7.1e-07
house_age_rate = 0.23390972038016802
distance_to_nearest_market_rate = 0.002967019152624442
number_of_convenience_store = 5.351154522070554
const_rate = 4.690318208770841
step = 1e-08

