[DEFUALT]
learning_rate = 7.1e-07
house_age_rate = 0.23213356154684925
distance_to_nearest_market_rate = 0.0029365707710822036
number_of_convenience_store = 5.33635638961163
const_rate = 4.8304610385040885
step = 1e-08

